Dag,Fall,Fall idag,På sjukhus,På IVA,Döda,Döda idag
2020-02-04,1,1,0,0,0,0
2020-02-05,1,0,0,0,0,0
2020-02-06,1,0,0,0,0,0
2020-02-07,1,0,0,0,0,0
2020-02-08,1,0,0,0,0,0
2020-02-09,1,0,0,0,0,0
2020-02-10,1,0,0,0,0,0
2020-02-11,1,0,0,0,0,0
2020-02-12,1,0,0,0,0,0
2020-02-13,1,0,0,0,0,0
2020-02-14,1,0,0,0,0,0
2020-02-15,1,0,0,0,0,0
2020-02-16,1,0,0,0,0,0
2020-02-17,1,0,0,0,0,0
2020-02-18,1,0,0,0,0,0
2020-02-19,1,0,0,0,0,0
2020-02-20,1,0,0,0,0,0
2020-02-21,1,0,0,0,0,0
2020-02-22,1,0,0,0,0,0
2020-02-23,1,0,0,0,0,0
2020-02-24,1,0,0,0,0,0
2020-02-25,1,0,0,0,0,0
2020-02-26,2,1,0,0,0,0
2020-02-27,3,1,0,0,0,0
2020-02-28,11,8,0,0,0,0
2020-02-29,14,3,0,0,0,0
2020-03-01,14,0,0,0,0,0
2020-03-02,19,5,0,0,0,0
2020-03-03,32,13,0,0,0,0
2020-03-04,62,30,0,0,0,0
2020-03-05,87,25,0,0,0,0
2020-03-06,146,59,0,0,0,0
2020-03-07,179,33,0,0,0,0
2020-03-08,225,46,0,0,0,0
2020-03-09,326,101,0,0,0,0
2020-03-10,424,98,0,0,0,0
2020-03-11,620,196,0,0,1,1
2020-03-12,771,151,0,0,1,0
2020-03-13,923,152,0,0,1,0
2020-03-14,994,71,0,0,2,1
2020-03-15,1063,69,0,0,3,1
2020-03-16,1146,83,0,0,7,4
2020-03-17,1265,119,0,0,8,1
2020-03-18,1410,145,43,23,10,2
2020-03-19,1553,143,177,31,11,1
2020-03-20,1733,180,256,45,16,5
2020-03-21,1867,134,279,49,21,5
2020-03-22,1984,117,331,58,23,2
2020-03-23,2166,182,426,92,33,10
2020-03-24,2396,230,497,110,40,7
2020-03-25,2710,314,577,142,63,23
2020-03-26,2996,286,696,160,78,15
2020-03-27,3362,366,803,182,106,28
2020-03-28,3662,300,902,202,113,7
2020-03-29,3943,281,973,219,123,10
2020-03-30,4358,415,1121,265,168,45
2020-03-31,4833,475,1219,293,199,31
2020-04-01,5318,485,1320,312,259,60
2020-04-02,5872,554,1400,339,307,48
2020-04-03,6473,601,1480,361,358,51
2020-04-04,6830,357,1508,374,391,33
2020-04-05,7170,340,1726,397,428,37
2020-04-06,7560,390,1742,415,506,78
2020-04-07,8298,738,1799,439,618,112
2020-04-08,8953,655,1838,451,696,78
2020-04-09,9598,645,1846,464,812,116
2020-04-10,10053,455,1942,487,881,69
2020-04-11,10447,394,1986,503,902,21
2020-04-12,10911,464,2037,500,921,19
2020-04-13,11348,437,2100,521,953,32
2020-04-14,11828,480,2138,522,1084,131
2020-04-15,12432,604,2152,528,1225,141
2020-04-16,13055,623,2156,527,1360,135
2020-04-17,13743,688,2221,523,1442,82
2020-04-18,14275,532,2156,532,1546,104
2020-04-19,14664,389,2234,522,1578,32
2020-04-20,15126,462,2274,537,1633,55
2020-04-21,15778,652,2202,525,1795,162
2020-04-22,16475,697,2218,517,1939,144
2020-04-23,17181,706,2207,537,2035,96
2020-04-24,17956,775,2205,541,2159,124
2020-04-25,18468,512,2233,556,2202,43
2020-04-26,18859,391,2242,543,2206,4
2020-04-27,19353,494,2288,533,2289,83
2020-04-28,19743,390,2238,531,2380,91
2020-04-29,20382,639,2193,539,2473,93
2020-04-30,21200,818,2139,524,2603,130
2020-05-01,21635,435,2118,524,2667,64
2020-05-02,22174,232,2125,526,2685,18
2020-05-03,22416,242,2150,526,2698,13
2020-05-04,22779,363,2199,504,2787,89
2020-05-05,23334,545,2222,492,2877,90
2020-05-06,24019,685,2172,484,2959,82
2020-05-07,24713,694,2169,488,3056,97
2020-05-08,25396,683,2089,466,3191,135
2020-05-09,26019,623,2047,459,3229,38
2020-05-10,26385,366,2040,443,3239,10
2020-05-11,26794,409,2040,444,3279,40
2020-05-12,27368,574,1950,422,3343,64
2020-05-13,28008,640,1919,411,3476,133
2020-05-14,28693,685,1873,401,3550,74
2020-05-15,29352,659,1817,388,3669,119
2020-05-16,29755,403,1797,381,3689,20
2020-05-17,30198,443,1797,381,3694,5
2020-05-18,30467,269,1829,383,3712,18
2020-05-19,30925,458,1772,366,3783,71
2020-05-20,31681,756,1747,366,3857,74
2020-05-21,32252,571,1705,358,3895,38
2020-05-22,32953,697,1732,352,3956,61
2020-05-23,33296,343,1712,344,4029,73
2020-05-24,33537,241,1712,344,4032,3
2020-05-25,34302,485,1734,337,4066,34
2020-05-26,34979,677,1732,331,4146,80
2020-05-27,35712,733,1687,316,4243,97
2020-05-28,36423,711,1633,320,4291,48
2020-05-29,37202,779,1629,310,4367,76
2020-05-30,37667,465,1608,305,4409,42
2020-05-31,37736,69,1617,309,4415,6
2020-06-01,38095,359,1649,307,4435,20
2020-06-02,38774,679,1630,309,4501,66
2020-06-03,40945,2171,1559,308,4578,77
2020-06-04,42064,1119,1565,292,4598,20
2020-06-05,43010,946,1565,292,4668,70
2020-06-06,43946,802,1480,290,4678,4
2020-06-07,44845,899,1487,300,4689,11
2020-06-08,45301,456,1547,291,4722,33
2020-06-09,46124,823,1463,280,4757,35
2020-06-10,46900,776,1463,280,4824,67
2020-06-11,48488,1588,1370,268,4849,25
2020-06-12,49900,1412,1352,267,4887,38
2020-06-13,52279,1111,1337,265,4892,5
2020-06-14,52697,418,1328,264,4892,0
2020-06-15,53405,708,1303,245,4909,17
2020-06-16,54608,1203,1264,239,4952,43
2020-06-17,56250,1642,1223,230,5063,111
2020-06-18,57770,1520,1179,223,5078,15
2020-06-19,58986,1216,1181,221,5078,0
2020-06-20,59817,831,1181,221,5079,1
2020-06-21,60112,295,1176,221,5079,0
2020-06-22,61101,989,1144,201,5151,72
2020-06-23,62319,1218,1148,201,5182,31
2020-06-24,64038,1719,1094,191,5222,40
2020-06-25,65515,1477,993,182,5249,27
2020-06-26,66679,1164,986,170,5295,46
2020-06-27,67609,930,986,170,5304,9
2020-06-28,68056,447,986,170,5304,0
2020-06-29,68881,825,895,157,5332,28
2020-06-30,69746,865,879,150,5351,19
2020-07-01,70586,840,858,139,5395,44
2020-07-02,71315,729,770,129,5436,41
2020-07-03,72159,844,776,138,5446,10
2020-07-04,72588,429,771,137,5446,0
2020-07-05,73040,452,772,137,5447,1
2020-07-06,73396,356,672,126,5461,14
2020-07-07,73686,290,662,120,5472,11
2020-07-08,74394,708,628,109,5515,43
2020-07-09,74860,466,566,102,5532,17
2020-07-10,75312,452,527,97,5554,22
2020-07-11,75747,435,519,96,5554,0
2020-07-12,75853,106,516,97,5554,0
2020-07-13,76035,182,477,92,5564,10
2020-07-14,76551,516,466,89,5581,17
2020-07-15,76961,410,437,81,5610,29
2020-07-16,77293,332,364,68,5617,7
2020-07-17,77442,149,340,69,5642,25
2020-07-18,77530,88,348,68,5652,10
2020-07-19,77530,0,349,69,5652,0
2020-07-20,78275,745,323,62,5663,11
2020-07-21,78412,137,332,55,5671,8
2020-07-22,78720,308,316,51,5690,19
2020-07-23,75279,220,321,53,5698,9
2020-07-24,75541,262,308,50,5723,25
2020-07-25,75679,138,308,50,5723,0
2020-07-26,75721,42,308,50,5724,1
2020-07-27,75792,71,279,49,5726,2
2020-07-28,76075,283,277,49,5732,6
2020-07-29,76376,301,271,42,5740,8
2020-07-30,76678,302,254,38,5751,11
2020-07-31,76936,258,254,35,5755,4
2020-08-01,77239,303,258,35,5759,4
2020-08-02,77277,38,263,35,5759,0
2020-08-03,77442,165,249,35,5762,3
2020-08-04,77775,333,243,36,5763,1
2020-08-05,78200,425,224,33,5771,8
2020-08-06,78578,378,212,32,5777,6
2020-08-07,78958,380,215,28,5778,1
2020-08-08,79218,260,215,28,5779,1
2020-08-09,79291,73,216,29,5779,0
2020-08-10,79487,196,221,29,5783,4
2020-08-11,79904,417,209,30,5786,3
2020-08-12,80347,443,216,31,5790,4
2020-08-13,80710,363,213,32,5792,2
2020-08-14,81054,344,204,30,5799,7
2020-08-15,81280,226,206,30,5799,0
2020-08-16,81343,63,207,30,5799,0
2020-08-17,81517,174,213,30,5805,6
2020-08-18,81831,314,212,28,5805,0
2020-08-19,82182,351,213,31,5817,12
2020-08-20,82515,333,197,26,5820,3
2020-08-21,82813,298,197,26,5824,4
2020-08-22,82973,160,196,26,5824,0
2020-08-23,83030,57,193,25,5824,0
2020-08-24,83204,174,187,23,5826,2
2020-08-25,83426,222,173,22,5827,1
2020-08-26,83670,244,164,22,5830,3
2020-08-27,83872,202,172,19,5841,11
2020-08-28,84051,179,161,20,5842,1
2020-08-29,84182,131,161,20,5842,0
2020-08-30,84230,48,161,20,5842,0
2020-08-31,84392,162,150,17,5845,3
2020-09-01,84563,171,158,17,5849,4
2020-09-02,84776,213,148,17,5851,2
2020-09-03,85062,286,136,15,5854,3
2020-09-04,85324,262,134,16,5848,-6
2020-09-05,85495,171,134,16,5848,0
2020-09-06,85562,67,134,16,5848,0
2020-09-07,85747,185,126,12,5850,2
2020-09-08,85983,236,135,15,5852,2
2020-09-09,86297,314,132,14,5855,3
2020-09-10,86551,254,125,15,5855,0
2020-09-11,86842,291,122,14,5858,3
2020-09-12,87048,206,122,14,5863,5
2020-09-13,87154,106,122,14,5863,0
2020-09-14,87374,220,139,16,5863,0
2020-09-15,87666,292,136,16,5867,4
2020-09-16,87996,330,147,16,5876,9
2020-09-17,88385,389,152,16,5877,1
2020-09-18,88822,437,139,16,5879,2
2020-09-19,89101,279,137,16,5879,0
2020-09-20,89234,133,132,16,5879,0
2020-09-21,89500,266,135,16,5879,0
2020-09-22,89938,438,146,16,5884,5
2020-09-23,90491,553,147,15,5890,6
2020-09-24,91031,540,146,15,5893,3
2020-09-25,91660,629,151,19,5895,2
2020-09-26,91985,325,151,19,5896,1
2020-09-27,92152,167,151,19,5896,0
2020-09-28,92530,378,150,18,5896,0
2020-09-29,93143,613,154,18,5904,8
2020-09-30,93831,688,151,20,5906,2
2020-10-01,94464,633,148,17,5906,0
2020-10-02,95176,712,152,21,5913,7
2020-10-03,95637,461,152,21,5913,0
2020-10-04,95792,155,154,21,5913,0
2020-10-05,96166,374,151,22,5913,0
2020-10-06,96952,786,161,22,5915,2
2020-10-07,97783,831,165,24,5924,9
2020-10-08,98617,834,170,23,5930,6
2020-10-09,99400,783,168,23,5931,1
2020-10-10,99909,509,165,23,5931,0
2020-10-11,100070,161,176,22,5917,-14
2020-10-12,100707,637,193,22,5917,0
2020-10-13,101623,916,212,24,5921,4
2020-10-14,102591,968,203,23,5930,9
2020-10-15,103493,902,197,24,5933,3
2020-10-16,104672,1179,220,28,5940,7
2020-10-17,105369,697,220,28,5940,0
2020-10-18,105690,321,222,29,5940,0
2020-10-19,106460,770,254,29,5940,0
2020-10-20,107751,1291,276,31,5944,4
2020-10-21,109322,1571,277,35,5952,8
2020-10-22,110989,1667,294,38,5954,2
2020-10-23,112857,1868,310,41,5957,3
2020-10-24,114334,1477,317,43,5957,0
2020-10-25,114849,515,320,41,5957,0
2020-10-26,115919,1070,363,47,5957,0
2020-10-27,118334,2415,418,58,5972,15
2020-10-28,121725,3391,446,51,5979,7
2020-10-29,124791,3066,448,58,5945,-34
2020-10-30,127716,2925,500,59,5949,4
2020-10-31,130268,2552,500,59,5949,0
2020-11-01,131254,986,500,59,5949,0
2020-11-02,131980,726,500,59,5949,0
2020-11-03,137470,5490,500,59,5985,36
2020-11-04,141654,4184,500,59,6009,24
2020-11-05,146527,4873,792,90,6020,11
2020-11-06,150662,4135,821,92,6037,17
2020-11-07,154932,4270,822,99,6058,21
2020-11-08,156437,1505,847,100,6058,0
2020-11-09,160694,4257,990,125,6080,22
2020-11-10,165673,4979,1067,128,6092,12
2020-11-11,170558,4885,1142,120,6113,21
2020-11-12,172194,1636,1218,123,6154,41
2020-11-13,178241,6047,1272,126,6191,37
2020-11-14,178248,7,1289,128,6191,0
2020-11-15,179500,1252,1298,128,6191,0
2020-11-16,187261,7761,1453,154,6216,25
2020-11-17,192811,5550,1536,163,6252,36
2020-11-18,197201,4390,1586,174,6335,83
2020-11-19,201292,4091,1624,180,6349,14
2020-11-20,208310,7018,1649,178,6410,61